   0.00000000100000       3.0 
   0.50000000000000       2.0 
   0.75000000000000       1.0 
   1.00000000000000       0.813910120589111     
   1.50000000000000       0.513910120589111     
   2.91140600000000       0.113910120589111     
   3.41140600000000       7.785570199744048E-002
   3.91140600000000       5.100443844020693E-002
   4.41140600000000       3.023995553016664E-002
   4.75315800000000       1.856076756025896E-002
   4.98099300000000       1.166500045278583E-002
   5.13288300000000       7.407916063189537E-003
   5.23414200000000       4.707122748244814E-003
   5.30164900000000       2.963909745830526E-003
   5.34665300000000       1.826222963132982E-003
   5.37665600000000       1.078345936346856E-003
   5.39665800000000       5.843811328986210E-004
   5.40999300000000       2.571004552348592E-004
   5.41888300000000       3.980819468309833E-005
   5.42480900000000      -1.046576614494728E-004
   5.42876000000000      -2.007939459971739E-004
   5.43139400000000      -2.648055373143934E-004
   5.43402800000000      -3.287559962797522E-004
   5.44019000000000      -4.817188775239962E-004
   5.44373700000000      -5.707970112718042E-004
   5.44760900000000      -6.682287303144953E-004
   5.45182000000000      -7.739327951921549E-004
   5.45637400000000      -8.878015396996349E-004
   5.46128000000000      -1.009708206586525E-003
   5.46654300000000      -1.139513326426688E-003
   5.47216500000000      -1.277068544939990E-003
   5.47814600000000      -1.422220632567432E-003
   5.48448600000000      -1.574813944892263E-003
   5.49118500000000      -1.734691425033760E-003
   5.49824100000000      -1.901696927378279E-003
   5.50565400000000      -2.075675263142607E-003
   5.51342100000000      -2.256473248331100E-003
   5.52153900000000      -2.443940250495929E-003
   5.53001300000000      -2.637928370990496E-003
   5.53883800000000      -2.838293082856389E-003
   5.54801800000000      -3.044893276386735E-003
   5.55755200000000      -3.257591395816259E-003
   5.56744300000000      -3.476253986081534E-003
   5.57769300000000      -3.700751465004212E-003
   5.58830500000000      -3.930958670051264E-003
   5.59928500000000      -4.166754311574743E-003
   5.61063400000000      -4.408021291755254E-003
   5.62236200000000      -4.654646977982079E-003
   5.63446900000000      -4.906522109332684E-003
   5.64696200000000      -5.163541798966509E-003
   5.67314300000000      -5.692614351203470E-003
   5.68684100000000      -5.964475392086898E-003
   5.70095900000000      -6.241097803447665E-003
   5.71550500000000      -6.522394103646378E-003
   5.73049000000000      -6.808279544844877E-003
   5.74592400000000      -7.098672568639768E-003
   5.76182200000000      -7.393495261695970E-003
   5.77819400000000      -7.692671533212552E-003
   5.79506000000000      -7.996128481823354E-003
   5.81243400000000      -8.303796395596986E-003
   5.83033600000000      -8.615607385136208E-003
   5.84878300000000      -8.931496294845019E-003
   5.86779800000000      -9.251401614195718E-003
   5.88740500000000      -9.575263655194764E-003
   5.90763100000000      -9.903024552382763E-003
   5.92850500000000      -1.023462917410156E-002
   5.95005700000000      -1.057002603376131E-002
   5.97232600000000      -1.090916410040569E-002
   5.99534800000000      -1.125199416561254E-002
   6.01917000000000      -1.159847112166156E-002
   6.04383900000000      -1.194854940519889E-002
   6.06941400000000      -1.230218527540484E-002
   6.09595600000000      -1.265933726962741E-002
   6.12353600000000      -1.301996711464936E-002
   6.15223900000000      -1.338403517035284E-002
   6.18215700000000      -1.375150453042123E-002
   6.21340200000000      -1.412234011107207E-002
   6.24610200000000      -1.449650819542350E-002
   6.28040800000000      -1.487397552222723E-002
   6.31650000000000      -1.525471019713555E-002
   6.35459700000000      -1.563868533776969E-002
   6.39496500000000      -1.602587041668257E-002
   6.43793900000000      -1.641623946276249E-002
   6.48394700000000      -1.680976832743193E-002
   6.53354200000000      -1.720643240647979E-002
   6.58747900000000      -1.760620937386270E-002
   6.64681600000000      -1.800907827043787E-002
   6.71313100000000      -1.841501722579546E-002
   6.78895000000000      -1.882400755896040E-002
   6.87882900000000      -1.923602831078991E-002
   6.99274400000000      -1.965105943340830E-002
   7.16510600000000      -2.006908361274111E-002
   7.41486700000000      -2.027910925921391E-002
   7.68303400000000      -2.006908361274111E-002
   7.89249000000000      -1.965105943340830E-002
   8.04388900000000      -1.923602831078991E-002
   8.17166500000000      -1.882400755896040E-002
   8.28581200000000      -1.841501722579546E-002
   8.39090500000000      -1.800907827043787E-002
   8.48949200000000      -1.760620937386270E-002
   8.58316600000000      -1.720643240647979E-002
   8.67300700000000      -1.680976832743193E-002
   8.75978900000000      -1.641623946276249E-002
   8.84408200000000      -1.602587041668257E-002
   8.92633600000000      -1.563868533776969E-002
   9.00690500000000      -1.525471019713555E-002
   9.08607500000000      -1.487397552222723E-002
   9.16408400000000      -1.449650819542350E-002
   9.24114200000000      -1.412234011107207E-002
   9.31741700000000      -1.375150453042123E-002
   9.39306400000000      -1.338403517035284E-002
   9.46822100000000      -1.301996711464936E-002
   9.54300700000000      -1.265933726962741E-002
   9.61753400000000      -1.230218527540484E-002
   9.69190400000000      -1.194854940519889E-002
   9.76621500000000      -1.159847112166156E-002
   9.84055500000000      -1.125199416561254E-002
   9.91501200000000      -1.090916410040569E-002
   9.98966800000000      -1.057002603376131E-002
   10.0646070000000      -1.023462917410156E-002
   10.1399050000000      -9.903024552382763E-003
   10.2156430000000      -9.575263655194764E-003
   10.2919010000000      -9.251401614195718E-003
   10.3687600000000      -8.931496294845019E-003
   10.4463010000000      -8.615607385136208E-003
   10.5246100000000      -8.303796395596986E-003
   10.6037680000000      -7.996128481823354E-003
   10.6838680000000      -7.692671533212552E-003
   10.7650000000000      -7.393495261695970E-003
   10.8472630000000      -7.098672568639768E-003
   10.9307570000000      -6.808279544844877E-003
   11.0155890000000      -6.522394103646378E-003
   11.1018720000000      -6.241097803447665E-003
   11.1897250000000      -5.964475392086898E-003
   11.2792810000000      -5.692614351203470E-003
   11.3706720000000      -5.425604896238004E-003
   11.4640510000000      -5.163541798966509E-003
   11.5595770000000      -4.906522109332684E-003
   11.6574250000000      -4.654646977982079E-003
   11.7577840000000      -4.408021291755254E-003
   11.8608630000000      -4.166754311574743E-003
   11.9668900000000      -3.930958670051264E-003
   12.0761140000000      -3.700751465004212E-003
   12.1888180000000      -3.476253986081534E-003
   12.3053040000000      -3.257591395816259E-003
   12.4259160000000      -3.044893276386735E-003
   12.5510380000000      -2.838293082856389E-003
   12.6810970000000      -2.637928370990496E-003
   12.8165750000000      -2.443940250495929E-003
   12.9580160000000      -2.256473248331100E-003
   13.1060400000000      -2.075675263142607E-003
   13.2613510000000      -1.901696927378279E-003
   13.4247660000000      -1.734691425033760E-003
   13.5972210000000      -1.574813944892263E-003
   13.7798100000000      -1.422220632567432E-003
   13.9738130000000      -1.277068544939990E-003
   14.1807420000000      -1.139513326426688E-003
   14.4023950000000      -1.009708206586525E-003
   14.6409240000000      -8.878015396996349E-004
   14.8989320000000      -7.739327951921549E-004
   15.1795850000000      -6.682287303144953E-004
   15.4867730000000      -5.707970112718042E-004
   15.8253190000000      -4.817188775239962E-004
   16.2012580000000      -4.010393502210107E-004
   16.6222210000000      -3.287559962797522E-004
   17.0979650000000      -2.648055373143934E-004
   17.6411160000000      -2.090491235604116E-004
   18.2682170000000      -1.612572250664513E-004
   19.0012530000000      -1.210954022589172E-004
   19.8698770000000      -8.811382637058840E-005
   20.9148520000000      -6.174402166081843E-005
   22.1938680000000      -4.130839316845854E-005
   23.7936290000000      -2.605010442551161E-005
   25.8642170000000      -1.519366942761606E-005
   1000000.00000000       0.000000000000000E+000
   10000000.0000000       0.000000000000000E+000
   100000000.000000       0.000000000000000E+000
   1000000000.00000       0.000000000000000E+000
