   0.00000100000000       0.866557926685146     
   0.26516100000000       0.766557926685146     
   0.56516100000000       0.666557926685146     
   0.76516100000000       0.566557926685146     
   1.26516100000000       0.466557926685146     
   1.76516100000000       0.366557926685146     
   2.76516100000000       0.266557926685146     
   3.26516100000000       0.167572018860950     
   3.76516100000000       0.109232563901180     
   4.26516100000000       7.291074309843336E-002
   4.76516100000000       4.932604851244193E-002
   5.26516100000000       3.353100705833306E-002
   5.76516100000000       2.271229715052480E-002
   6.26516100000000       1.518574231531322E-002
   6.76516100000000       9.899967251339421E-003
   7.26516100000000       6.175421418307470E-003
   7.76516100000000       3.559847841179818E-003
   8.22740400000000       1.859066441052126E-003
   8.53556600000000       1.017812560335847E-003
   8.74100700000000       5.632846621790560E-004
   8.87796800000000       3.016996065034853E-004
   8.96927600000000       1.442012624466268E-004
   9.03014700000000       4.629336534918331E-005
   9.07072800000000      -1.594401630712434E-005
   9.09778200000000      -5.612039204987820E-005
   9.11581800000000      -8.232979097241879E-005
   9.13385400000000      -1.080849323697443E-004
   9.15529900000000      -1.381234846625208E-004
   9.18039100000000      -1.724445365836711E-004
   9.20946500000000      -2.110485437667338E-004
   9.24395300000000      -2.539350505781705E-004
   9.28349600000000      -3.011049682850580E-004
   9.32762000000000      -3.525578412538579E-004
   9.37753300000000      -4.082936694845703E-004
   9.43367300000000      -4.683119973436565E-004
   9.49662000000000      -5.326137360981936E-004
   9.56723900000000      -6.011979744811046E-004
   9.64691500000000      -6.740651681259281E-004
   9.73800100000000      -7.512153170326639E-004
   9.84463300000000      -8.326488768348505E-004
   9.97516200000000      -9.183649362654110E-004
   10.1480710000000      -1.008363950957884E-003
   10.4340420000000      -1.102645465278731E-003
   10.9084430000000      -1.151568205208233E-003
   11.5110520000000      -1.102645465278731E-003
   12.0529410000000      -1.008363950957884E-003
   12.4817690000000      -9.183649362654110E-004
   12.8720580000000      -8.326488768348505E-004
   13.2448420000000      -7.512153170326639E-004
   13.6116850000000      -6.740651681259281E-004
   13.9799510000000      -6.011979744811046E-004
   14.3554990000000      -5.326137360981936E-004
   14.7434860000000      -4.683119973436565E-004
   15.1489300000000      -4.082936694845703E-004
   15.5770770000000      -3.525578412538579E-004
   16.0337160000000      -3.011049682850580E-004
   16.5248790000000      -2.539350505781705E-004
   17.0594650000000      -2.110485437667338E-004
   17.6501640000000      -1.724445365836711E-004
   18.3049830000000      -1.381234846625208E-004
   19.0692950000000      -1.080849323697443E-004
   19.8713060000000      -8.232979097241879E-005
   20.0008600000000      -7.887472184996330E-005
   22.0001900000000      -4.250149601576948E-005
   22.9998550000000      -3.180777686714352E-005
   23.9995200000000      -2.410757052210478E-005
   24.9991850000000      -1.844404563853338E-005
   26.0007400000000      -1.383830271950573E-005
   28.0000700000000      -9.176407067559632E-006
   28.7843060000000      -7.141715357754912E-006
   30.2356160000000      -5.658512914647878E-006
   32.1253420000000      -3.874708067048754E-006
   34.0150680000000      -2.715576071721275E-006
   37.7945200000000      -1.415653039616767E-006
   41.5739720000000      -7.877900235619494E-007
   45.3534240000000      -4.624220225914499E-007
   49.1328760000000      -2.837230044247712E-007
   52.9123280000000      -1.807040062148415E-007
   56.6917800000000      -1.188290035807101E-007
   66.1404100000000      -4.670200028818821E-008
   75.5890400000000      -2.082200026540653E-008
   85.0376690000000      -1.025200020275692E-008
   94.4862990000000      -5.421999923681382E-009
   113.383560000000      -1.823000039298393E-009
   151.178080000000      -2.141857492637247E-010
   188.972600000000      -7.920361636339509E-011
   226.767120000000      -2.674138342872211E-011
   1000000.00000000       0.000000000000000E+000
   10000000.0000000       0.000000000000000E+000
   100000000.000000       0.000000000000000E+000
   1000000000.00000       0.000000000000000E+000
