   4.00000000000000       9.112670741336622E-002
   4.10000000000000       9.112670741336622E-002
   4.20000000000000       9.112670741336622E-002
   4.30000000000000       9.112670741336622E-002
   4.40000000000000       8.761293958473425E-002
   4.50000000000000       7.967863943421931E-002
   4.60000000000000       7.257894301894495E-002
   4.70000000000000       6.621068223842173E-002
   4.80000000000000       6.048526560807548E-002
   4.90000000000000       5.532637130519054E-002
   5.00000000000000       5.066804295528230E-002
   5.10000000000000       4.645311153110209E-002
   5.20000000000000       4.263188247329800E-002
   5.30000000000000       3.916103941785379E-002
   5.40000000000000       3.600272554037921E-002
   5.49999999999999       3.312377111037327E-002
   5.59999999999999       3.049504185081890E-002
   5.69999999999999       2.809088747078202E-002
   5.79999999999999       2.588867354950215E-002
   5.89999999999999       2.386838300615950E-002
   5.99999999999999       2.201227584953378E-002
   6.09999999999999       2.030459788991216E-002
   6.19999999999999       1.873133070836666E-002
   6.29999999999999       1.727997649149595E-002
   6.39999999999999       1.593937241235543E-002
   6.49999999999999       1.469953011752892E-002
   6.59999999999999       1.355149660333920E-002
   6.69999999999999       1.248723336067034E-002
   6.79999999999999       1.149951116143807E-002
   6.89999999999999       1.058181826935610E-002
   6.99999999999999       9.728280198561465E-003
   7.09999999999999       8.933589428185527E-003
   7.19999999999999       8.192943719060888E-003
   7.29999999999999       7.501991878528244E-003
   7.39999999999999       6.856785987349933E-003
   7.49999999999999       6.253739244435072E-003
   7.59999999999999       5.689588704852394E-003
   7.69999999999999       5.161362288079080E-003
   7.79999999999999       4.666349519598655E-003
   7.89999999999999       4.202075542287615E-003
   7.99999999999999       3.766277996566810E-003
   8.09999999999999       3.356886421738149E-003
   8.19999999999999       2.972003876694899E-003
   8.29999999999998       2.609890517465475E-003
   8.39999999999998       2.268948902812651E-003
   8.49999999999998       1.947710828191059E-003
   8.59999999999998       1.644825513459936E-003
   8.69999999999998       1.359048991441434E-003
   8.79999999999998       1.089234563200548E-003
   8.89999999999998       8.343242022187712E-004
   8.99999999999998       5.933408037933634E-004
   9.09999999999998       3.653811883174193E-004
   9.19999999999998       1.496097778387091E-004
   9.29999999999998      -5.474712532607357E-005
   9.39999999999998      -2.279547668711998E-004
   9.49999999999998      -3.434093033291388E-004
   9.59999999999998      -4.577332126448422E-004
   9.69999999999998      -5.659184035830156E-004
   9.79999999999998      -6.616724085800579E-004
   9.89999999999998      -7.440056610548714E-004
   9.99999999999998      -8.155329612978585E-004
   10.1000000000000      -8.780909640905595E-004
   10.2000000000000      -9.321099479003097E-004
   10.3000000000000      -9.780150001599275E-004
   10.4000000000000      -1.016625037509261E-003
   10.5000000000000      -1.048729955934642E-003
   10.6000000000000      -1.074888053974308E-003
   10.7000000000000      -1.095584588189532E-003
   10.8000000000000      -1.111373321423495E-003
   10.9000000000000      -1.122814554430937E-003
   11.0000000000000      -1.130326307034929E-003
   11.1000000000000      -1.134124845100079E-003
   11.2000000000000      -1.134306523444681E-003
   11.3000000000000      -1.130997854321227E-003
   11.4000000000000      -1.124469281690811E-003
   11.5000000000000      -1.115154821413710E-003
   11.6000000000000      -1.103585567136570E-003
   11.7000000000000      -1.090285606009966E-003
   11.8000000000000      -1.075682626283385E-003
   11.9000000000000      -1.060064441505413E-003
   12.0000000000000      -1.043585489216168E-003
   12.1000000000000      -1.026307730210406E-003
   12.2000000000000      -1.008253191726565E-003
   12.3000000000000      -9.894486954013749E-004
   12.4000000000000      -9.699520185873560E-004
   12.5000000000000      -9.498579043600189E-004
   12.6000000000000      -9.292888247715106E-004
   12.7000000000000      -9.083781814273244E-004
   12.8000000000000      -8.872532221940554E-004
   12.9000000000000      -8.660226378595521E-004
   13.0000000000000      -8.447709157503470E-004
   13.1000000000000      -8.235590588925850E-004
   13.2000000000000      -8.024297351834135E-004
   13.3000000000000      -7.814143773474677E-004
   13.4000000000000      -7.605400045243453E-004
   13.5000000000000      -7.398342511058169E-004
   13.6000000000000      -7.193279432558685E-004
   13.7000000000000      -6.990553138295509E-004
   13.8000000000000      -6.790524550696966E-004
   13.9000000000000      -6.593548382053096E-004
   14.0000000000000      -6.399947153962832E-004
   14.1000000000000      -6.209990378962624E-004
   14.2000000000000      -6.023882611177214E-004
   14.3000000000000      -5.841761384901511E-004
   14.4000000000000      -5.663703857076006E-004
   14.5000000000000      -5.489739540023818E-004
   14.6000000000000      -5.319865915380514E-004
   14.7000000000000      -5.154063850949785E-004
   14.8000000000000      -4.992310392325992E-004
   14.9000000000000      -4.834587429828073E-004
   15.0000000000000      -4.680885724225614E-004
   15.1000000000000      -4.531204636239975E-004
   15.2000000000000      -4.385548533109875E-004
   15.3000000000000      -4.243921193192789E-004
   15.4000000000000      -4.106319603425635E-004
   15.5000000000000      -3.972728388966651E-004
   15.6000000000000      -3.843115805139524E-004
   15.7000000000000      -3.717431825761953E-004
   15.8000000000000      -3.595608460792312E-004
   15.9000000000000      -3.477562082624677E-004
   16.0000000000000      -3.363197273119523E-004
   16.1000000000000      -3.252411549289081E-004
   16.2000000000000      -3.145100276722833E-004
   16.3000000000000      -3.041161134705845E-004
   16.4000000000000      -2.940497624122516E-004
   16.5000000000000      -2.843021297089721E-004
   16.6000000000000      -2.748652559336188E-004
   16.7000000000000      -2.657320129118252E-004
   16.8000000000000      -2.568959349929269E-004
   16.9000000000000      -2.483509714365795E-004
   17.0000000000000      -2.400911993919798E-004
   17.1000000000000      -2.321105402823766E-004
   17.2000000000000      -2.244025158185735E-004
   17.3000000000000      -2.169600756267154E-004
   17.4000000000000      -2.097755153006094E-004
   17.5000000000000      -2.028404933801709E-004
   17.6000000000000      -1.961461407686561E-004
   17.7000000000000      -1.896832511696147E-004
   17.8000000000000      -1.834425249017284E-004
   17.9000000000000      -1.774148387284316E-004
   18.0000000000000      -1.715915131490394E-004
   18.1000000000000      -1.659645324974356E-004
   18.2000000000000      -1.605267212234262E-004
   18.3000000000000      -1.552718149009208E-004
   18.4000000000000      -1.501944582882099E-004
   18.5000000000000      -1.452901029027752E-004
   18.6000000000000      -1.405548120639823E-004
   18.7000000000000      -1.359850282467324E-004
   18.8000000000000      -1.315772728587280E-004
   18.9000000000000      -1.273278588166719E-004
   19.0000000000000      -1.232326358249661E-004
   19.1000000000000      -1.192867845184472E-004
   19.2000000000000      -1.154847187475135E-004
   19.3000000000000      -1.118200834789398E-004
   19.4000000000000      -1.082858914976936E-004
   19.5000000000000      -1.048747804688948E-004
   19.6000000000000      -1.015793646202790E-004
   19.7000000000000      -9.839266059855894E-005
   19.8000000000000      -9.530857623104722E-005
   19.9000000000000      -9.232232945156644E-005
   20.0000000000000      -8.943079296573806E-005
   20.1000000000000      -8.663269572173092E-005
   20.2000000000000      -8.392860063651093E-005
   20.3000000000000      -8.132063676295153E-005
   20.4000000000000      -7.881183938130889E-005
   20.5000000000000      -7.640531396849180E-005
   20.6000000000000      -7.410307968464235E-005
   20.7000000000000      -7.190473847084601E-005
   20.8000000000000      -6.979449005484802E-005
   20.9000000000000      -6.768934681488578E-005
   21.0000000000000      -6.565583607138638E-005
   21.1000000000000      -6.369133359649663E-005
   21.2000000000000      -6.179331390379184E-005
   21.3000000000000      -5.995934660434664E-005
   21.4000000000000      -5.818709289161332E-005
   21.5000000000000      -5.647430215017339E-005
   21.6000000000000      -5.481880868366902E-005
   21.7000000000000      -5.321852855757699E-005
   21.8000000000000      -5.167145655273360E-005
   21.9000000000000      -5.017566322579660E-005
   22.0000000000000      -4.872929207297654E-005
   22.1000000000000      -4.733055679365667E-005
   22.2000000000000      -4.597773865050687E-005
   22.3000000000000      -4.466918392311184E-005
   22.4000000000000      -4.340330145191044E-005
   22.5000000000000      -4.217856026972595E-005
   22.6000000000001      -4.099348731797127E-005
   22.7000000000001      -3.984666524488651E-005
   22.8000000000001      -3.873673028317966E-005
   22.9000000000001      -3.766237020454187E-005
   23.0000000000001      -3.662232234856763E-005
   23.1000000000001      -3.561537172370154E-005
   23.2000000000001      -3.464034917788332E-005
   23.3000000000001      -3.369612963664023E-005
   23.4000000000001      -3.278163040637158E-005
   23.5000000000001      -3.189580954077948E-005
   23.6000000000001      -3.103766426826792E-005
   23.7000000000001      -3.020622947828707E-005
   23.8000000000001      -2.940057626471853E-005
   23.9000000000001      -2.861981052424170E-005
   24.0000000000001      -2.786307160794101E-005
   24.1000000000001      -2.712953102421749E-005
   24.2000000000001      -2.641839119125047E-005
   24.3000000000001      -2.572888423734179E-005
   24.4000000000001      -2.506027084736106E-005
   24.5000000000001      -2.441183915369260E-005
   24.6000000000001      -2.378290367016232E-005
   24.7000000000001      -2.317280426724957E-005
   24.8000000000001      -2.258090518724431E-005
   24.9000000000001      -2.200659409778693E-005
   25.0000000000001      -2.144928118240093E-005
   25.1000000000001      -2.090839826670623E-005
   25.2000000000001      -2.038339797889164E-005
   25.3000000000001      -1.987375294323888E-005
   25.4000000000001      -1.937895500544995E-005
   25.5000000000001      -1.889851448850180E-005
   25.6000000000001      -1.843195947796243E-005
   25.7000000000001      -1.797883513557433E-005
   25.8000000000001      -1.753870304006671E-005
   25.9000000000001      -1.711114055408000E-005
   26.0000000000001      -1.669574021626418E-005
   26.1000000000001      -1.629210915753017E-005
   26.2000000000001      -1.589986854051579E-005
   26.3000000000001      -1.551865302134131E-005
   26.4000000000001      -1.514811023282077E-005
   26.5000000000001      -1.478790028824517E-005
   26.6000000000001      -1.443769530489459E-005
   26.7000000000001      -1.409717894659576E-005
   26.8000000000001      -1.376604598443214E-005
   26.9000000000001      -1.344400187501858E-005
   27.0000000000001      -1.313076235549326E-005
   27.1000000000001      -1.282605305470279E-005
   27.2000000000001      -1.252960911980599E-005
   27.3000000000001      -1.224117485774039E-005
   27.4000000000001      -1.196050339095921E-005
   27.5000000000001      -1.168735632680088E-005
   27.6000000000001      -1.142150343999449E-005
   27.7000000000001      -1.116272236777714E-005
   27.8000000000001      -1.091079831702640E-005
   27.9000000000001      -1.066552378303414E-005
   28.0000000000001      -1.042669827937512E-005
   28.1000000000001      -1.019412807841453E-005
   28.2000000000001      -9.967625962067368E-006
   28.3000000000001      -9.747010982362995E-006
   28.4000000000001      -9.532108231418553E-006
   28.5000000000001      -9.322748620420242E-006
   28.6000000000001      -9.118768667311769E-006
   28.7000000000001      -8.920010292711515E-006
   28.8000000000001      -8.726320623876223E-006
   28.9000000000001      -8.537551806260063E-006
   29.0000000000001      -8.353560822400311E-006
   29.1000000000001      -8.174209317865334E-006
   29.2000000000001      -7.999363433932282E-006
   29.3000000000001      -7.828893646712006E-006
   29.4000000000001      -7.662674612534364E-006
   29.5000000000001      -7.500585019243113E-006
   29.6000000000002      -7.342507443218094E-006
   29.7000000000002      -7.188328211896934E-006
   29.8000000000002      -7.037937271518290E-006
   29.9000000000002      -6.891228059968208E-006
   30.0000000000002      -6.748097384410612E-006
   30.1000000000002      -6.608445303610839E-006
   30.2000000000002      -6.472175014683361E-006
   30.3000000000002      -6.339192744149808E-006
   30.4000000000002      -6.209407643106806E-006
   30.5000000000002      -6.082731686284917E-006
   30.6000000000002      -5.959079574975923E-006
   30.7000000000002      -5.838368643532254E-006
   30.8000000000002      -5.720518769361151E-006
   30.9000000000002      -5.605452286308725E-006
   31.0000000000002      -5.493093901219788E-006
   31.1000000000002      -5.383370613595991E-006
   31.2000000000002      -5.276211638238361E-006
   31.3000000000002      -5.171548330714769E-006
   31.4000000000002      -5.069314115574865E-006
   31.5000000000002      -4.969444417207684E-006
   31.6000000000002      -4.871876593182470E-006
   31.7000000000002      -4.776549870077236E-006
   31.8000000000002      -4.683405281580957E-006
   31.9000000000002      -4.592385608869363E-006
   32.0000000000002      -4.503435323117650E-006
   32.1000000000002      -4.416500530095450E-006
   32.2000000000002      -4.331528916748349E-006
   32.3000000000002      -4.248469699665736E-006
   32.4000000000002      -4.167273575439530E-006
   32.5000000000002      -4.087892672722416E-006
   32.6000000000002      -4.010280506053946E-006
   32.7000000000002      -3.934391931267681E-006
   32.8000000000002      -3.860183102502168E-006
   32.9000000000002      -3.787611430701841E-006
   33.0000000000002      -3.716635543589606E-006
   33.1000000000002      -3.647215247029127E-006
   33.2000000000002      -3.579311487740325E-006
   33.3000000000002      -3.512886317295222E-006
   33.4000000000002      -3.447902857389550E-006
   33.5000000000002      -3.384325266262557E-006
   33.6000000000002      -3.322118706351588E-006
   33.7000000000002      -3.261249312958161E-006
   33.8000000000002      -3.201684164080472E-006
   33.9000000000002      -3.143391251216400E-006
   34.0000000000002      -3.086339451173455E-006
   34.1000000000002      -3.030498498835572E-006
   34.2000000000002      -2.975838960868483E-006
   34.3000000000002      -2.922332210277156E-006
   34.4000000000002      -2.869950401842582E-006
   34.5000000000002      -2.818666448387826E-006
   34.6000000000002      -2.768453997795873E-006
   34.7000000000002      -2.719287410843053E-006
   34.8000000000002      -2.671141739743262E-006
   34.9000000000002      -2.623992707398407E-006
   35.0000000000002      -2.577816687345975E-006
   35.1000000000002      -2.532590684349045E-006
   35.2000000000002      -2.488292315660637E-006
   35.3000000000002      -2.444899792839377E-006
   35.4000000000002      -2.402391904221274E-006
   35.5000000000002      -2.360747997924589E-006
   35.6000000000002      -2.319947965401467E-006
   35.7000000000002      -2.279972225563662E-006
   35.8000000000002      -2.240801709345670E-006
   35.9000000000002      -2.202417844851085E-006
   36.0000000000002      -2.164802542904448E-006
   36.1000000000002      -2.127938183104311E-006
   36.2000000000002      -2.091807600290922E-006
   36.3000000000002      -2.056394071483207E-006
   36.4000000000002      -2.021681303175709E-006
   36.5000000000002      -1.987653419091159E-006
   36.6000000000003      -1.954294948292998E-006
   36.7000000000003      -1.921590813639618E-006
   36.8000000000003      -1.889526320671467E-006
   36.9000000000003      -1.858087146776080E-006
   37.0000000000003      -1.827259330726730E-006
   37.1000000000003      -1.797029262549144E-006
   37.2000000000003      -1.767383673661591E-006
   37.3000000000003      -1.738309627374919E-006
   37.4000000000003      -1.709794509624974E-006
   37.5000000000003      -1.681826020060406E-006
   37.6000000000003      -1.654392163326398E-006
   37.7000000000003      -1.627481240658231E-006
   37.8000000000003      -1.601081841734552E-006
   37.9000000000003      -1.575182836758464E-006
   38.0000000000003      -1.549773368770991E-006
   38.1000000000003      -1.524842846233363E-006
   38.2000000000003      -1.500380935786996E-006
   38.3000000000003      -1.476377555259520E-006
   38.4000000000003      -1.452822866866728E-006
   38.5000000000003      -1.429707270637779E-006
   38.6000000000003      -1.407021397999883E-006
   38.7000000000003      -1.384756105572569E-006
   38.8000000000003      -1.362902469162437E-006
   38.9000000000003      -1.341451777908266E-006
   39.0000000000003      -1.320395528603819E-006
   39.1000000000003      -1.299725420184680E-006
   39.2000000000003      -1.279433348406450E-006
   39.3000000000003      -1.259511400632305E-006
   39.4000000000003      -1.239951850784572E-006
   39.5000000000003      -1.220747154483121E-006
   39.6000000000003      -1.201889944265766E-006
   39.7000000000003      -1.183373024977261E-006
   39.8000000000003      -1.165189369294970E-006
   39.9000000000003      -1.147332113363903E-006
   40.0000000000003      -1.129794552568435E-006
   40.1000000000003      -1.112570137431605E-006
   40.2000000000003      -1.095652469614653E-006
   40.3000000000003      -1.079035298025911E-006
   40.4000000000003      -1.062712515080046E-006
   40.5000000000003      -1.046678152998325E-006
   40.6000000000003      -1.030926380277447E-006
   40.7000000000003      -1.015451498217619E-006
   40.8000000000003      -1.000247937550867E-006
   40.9000000000003      -9.853102551832587E-007
   41.0000000000003      -9.706331310009073E-007
   41.1000000000003      -9.562113647990059E-007
   41.2000000000003      -9.420398732564186E-007
   41.3000000000003      -9.281136870241833E-007
   41.4000000000003      -9.144279478778015E-007
   41.5000000000003      -9.009779059652112E-007
   41.6000000000003      -8.877589171003254E-007
   41.7000000000003      -8.747664401522500E-007
   41.8000000000003      -8.619960345165187E-007
   41.9000000000003      -8.494433576227776E-007
   42.0000000000003      -8.371041625427086E-007
   42.1000000000003      -8.249742956207353E-007
   42.2000000000003      -8.130496942368622E-007
   42.3000000000003      -8.013263845467329E-007
   42.4000000000003      -7.898004793492642E-007
   42.5000000000003      -7.784681759770634E-007
   42.6000000000003      -7.673257542506337E-007
   42.7000000000003      -7.563695744918119E-007
   42.8000000000003      -7.455960755918822E-007
   42.9000000000003      -7.350017731070277E-007
   43.0000000000003      -7.245832574403532E-007
   43.1000000000003      -7.143371920466888E-007
   43.2000000000003      -7.042603116920692E-007
   43.3000000000003      -6.943494207587779E-007
   43.4000000000003      -6.846013916050660E-007
   43.5000000000004      -6.750131629294275E-007
   43.6000000000003      -6.655817382442275E-007
   43.7000000000003      -6.563041843174353E-007
   43.8000000000004      -6.471776296963715E-007
   43.9000000000004      -6.381992632724626E-007
   1000000.00000000       0.000000000000000E+000
