   4.00000000000000       9.112670741336622E-002
   4.10000000000000       8.796444884570177E-002
   4.20000000000000       7.682455322734334E-002
   4.30000000000000       6.693532739344732E-002
   4.40000000000000       5.813199703904071E-002
   4.50000000000000       5.027456778697673E-002
   4.60000000000000       4.324365627167063E-002
   4.70000000000000       3.693709392938171E-002
   4.80000000000000       3.126714758778577E-002
   4.90000000000000       2.615823486267749E-002
   5.00000000000000       2.154503839318014E-002
   5.10000000000000       1.737094303006889E-002
   5.20000000000000       1.358673567616912E-002
   5.30000000000000       1.014951963495338E-002
   5.40000000000000       7.021804855161753E-003
   5.49999999999999       4.170742968850367E-003
   5.59999999999999       1.567481964357306E-003
   5.69999999999999      -8.235092312470292E-004
   5.79999999999999      -3.017382518725133E-003
   5.89999999999999      -5.015270165182367E-003
   5.99999999999999      -6.839571450591753E-003
   6.09999999999999      -8.502255400176895E-003
   6.19999999999999      -1.001422271672463E-002
   6.29999999999999      -1.138467148375479E-002
   6.39999999999999      -1.262120346038165E-002
   6.49999999999999      -1.373074634078693E-002
   6.59999999999999      -1.471961457288897E-002
   6.69999999999999      -1.559367099226453E-002
   6.79999999999999      -1.635858268423445E-002
   6.89999999999999      -1.701988698365884E-002
   6.99999999999999      -1.758300962977367E-002
   7.09999999999999      -1.805330374650984E-002
   7.19999999999999      -1.843606906781079E-002
   7.29999999999999      -1.873654326292578E-002
   7.39999999999999      -1.895988615951684E-002
   7.49999999999999      -1.911116656973421E-002
   7.59999999999999      -1.919534904272642E-002
   7.69999999999999      -1.921727841093666E-002
   7.79999999999999      -1.918166410175548E-002
   7.89999999999999      -1.909306687531800E-002
   7.99999999999999      -1.895588883348753E-002
   8.09999999999999      -1.877436607491673E-002
   8.19999999999999      -1.855256320412378E-002
   8.29999999999998      -1.829436939702242E-002
   8.39999999999998      -1.800349609058163E-002
   8.49999999999998      -1.768347635233944E-002
   8.59999999999998      -1.733766576895489E-002
   8.69999999999998      -1.696924451410614E-002
   8.79999999999998      -1.658122022513087E-002
   8.89999999999998      -1.617643140634442E-002
   8.99999999999998      -1.575755119980080E-002
   9.09999999999998      -1.532709145323755E-002
   9.19999999999998      -1.488740704725476E-002
   9.29999999999998      -1.444070043336531E-002
   9.39999999999998      -1.398902630962768E-002
   9.49999999999998      -1.353429634478660E-002
   9.59999999999998      -1.307828386587912E-002
   9.69999999999998      -1.262262844649873E-002
   9.79999999999998      -1.216884036473036E-002
   9.89999999999998      -1.171830493129746E-002
   9.99999999999998      -1.127228671245816E-002
   10.1000000000000      -1.083193368548179E-002
   10.2000000000000      -1.039828136762086E-002
   10.3000000000000      -9.972256955119312E-003
   10.4000000000000      -9.554683500463705E-003
   10.5000000000000      -9.146284146869134E-003
   10.6000000000000      -8.747686430939162E-003
   10.7000000000000      -8.359426658439530E-003
   10.8000000000000      -7.981954354130901E-003
   10.9000000000000      -7.615636783997845E-003
   11.0000000000000      -7.260763546179445E-003
   11.1000000000000      -6.917551224736108E-003
   11.2000000000000      -6.586148097626985E-003
   11.3000000000000      -6.266638886795108E-003
   11.4000000000000      -5.959049534215584E-003
   11.5000000000000      -5.663351983511219E-003
   11.6000000000000      -5.379468942722180E-003
   11.7000000000000      -5.107278600476201E-003
   11.8000000000000      -4.846619265498374E-003
   11.9000000000000      -4.597293898364678E-003
   12.0000000000000      -4.359074504724143E-003
   12.1000000000000      -4.131706360861503E-003
   12.2000000000000      -3.914912045267584E-003
   12.3000000000000      -3.708395253615155E-003
   12.4000000000000      -3.511844378910728E-003
   12.5000000000000      -3.324935843315281E-003
   12.6000000000000      -3.147337172935691E-003
   12.7000000000000      -2.978709811534404E-003
   12.8000000000000      -2.818711673397560E-003
   12.9000000000000      -2.666999439414188E-003
   13.0000000000000      -2.523230603639710E-003
   13.1000000000000      -2.387065280245117E-003
   13.2000000000000      -2.258167782800526E-003
   13.3000000000000      -2.136207989194687E-003
   13.4000000000000      -2.020862506571199E-003
   13.5000000000000      -1.911815650946067E-003
   13.6000000000000      -1.808760256530421E-003
   13.7000000000000      -1.711398329388785E-003
   13.8000000000000      -1.619441559788910E-003
   13.9000000000000      -1.532611707054827E-003
   14.0000000000000      -1.450640870010622E-003
   14.1000000000000      -1.373271655426180E-003
   14.2000000000000      -1.300257256216964E-003
   14.3000000000000      -1.231361450134679E-003
   14.4000000000000      -1.166358529457490E-003
   14.5000000000000      -1.105033170677959E-003
   14.6000000000000      -1.047180253453145E-003
   14.7000000000000      -9.926046367444482E-004
   14.8000000000000      -9.411208992367706E-004
   14.9000000000000      -8.925530517107479E-004
   15.0000000000000      -8.467342268329699E-004
   15.1000000000000      -8.035063523239829E-004
   15.2000000000000      -7.627198127420151E-004
   15.3000000000000      -7.242331041584192E-004
   15.4000000000000      -6.879124857351778E-004
   15.5000000000000      -6.536316319151747E-004
   15.6000000000000      -6.212712879692082E-004
   15.7000000000000      -5.907189310929042E-004
   15.8000000000000      -5.618684399435925E-004
   15.9000000000000      -5.346197733570156E-004
   16.0000000000000      -5.088786592750802E-004
   16.1000000000000      -4.845562964231833E-004
   16.2000000000000      -4.615690666626677E-004
   16.3000000000000      -4.398382600431007E-004
   16.4000000000000      -4.192898127467811E-004
   16.5000000000000      -3.998540567246213E-004
   16.6000000000000      -3.814654803813608E-004
   16.7000000000000      -3.640625014929221E-004
   16.8000000000000      -3.475872502644804E-004
   16.9000000000000      -3.319853636859432E-004
   17.0000000000000      -3.172057865143453E-004
   17.1000000000000      -3.032005860757479E-004
   17.2000000000000      -2.899247695979250E-004
   17.3000000000000      -2.773361152531642E-004
   17.4000000000000      -2.653950056131181E-004
   17.5000000000000      -2.540642720402871E-004
   17.6000000000000      -2.433090435404685E-004
   17.7000000000000      -2.330966042218913E-004
   17.8000000000000      -2.233962556420999E-004
   17.9000000000000      -2.141791856668624E-004
   18.0000000000000      -2.054183451316297E-004
   18.1000000000000      -1.970883301805391E-004
   18.2000000000000      -1.891652711511821E-004
   18.3000000000000      -1.816267277891738E-004
   18.4000000000000      -1.744515922138151E-004
   18.5000000000000      -1.676199985608040E-004
   18.6000000000000      -1.611132355981244E-004
   18.7000000000000      -1.549136747114023E-004
   18.8000000000000      -1.490046959992892E-004
   18.9000000000000      -1.433706194635849E-004
   19.0000000000000      -1.379966555742651E-004
   19.1000000000000      -1.328688430732072E-004
   19.2000000000000      -1.279740035158142E-004
   19.3000000000000      -1.232996967367184E-004
   19.4000000000000      -1.188341767344175E-004
   19.5000000000000      -1.145663521771913E-004
   19.6000000000000      -1.104857471197137E-004
   19.7000000000000      -1.065824504740537E-004
   19.8000000000000      -1.028470889025736E-004
   19.9000000000000      -9.927075469418845E-005
   20.0000000000000      -9.584496966822019E-005
   20.1000000000000      -9.256160277476724E-005
   20.2000000000000      -8.941279594634688E-005
   20.3000000000000      -8.639088581763838E-005
   20.4000000000000      -8.348826886664460E-005
   20.5000000000000      -8.069729519358787E-005
   20.6000000000000      -7.801009846691388E-005
   20.7000000000000      -7.541843772367763E-005
   20.8000000000000      -7.292008072791104E-005
   20.9000000000000      -7.055542152465233E-005
   21.0000000000000      -6.828362601830621E-005
   21.1000000000000      -6.610036254351499E-005
   21.2000000000000      -6.400153274748277E-005
   21.3000000000000      -6.198325759405671E-005
   21.4000000000000      -6.004186426956191E-005
   21.5000000000000      -5.817387392970828E-005
   21.6000000000000      -5.637599023124883E-005
   21.7000000000000      -5.464508859588210E-005
   21.8000000000000      -5.297820615735874E-005
   21.9000000000000      -5.137253234633845E-005
   22.0000000000000      -4.982540007038627E-005
   22.1000000000000      -4.833427744962316E-005
   22.2000000000000      -4.689676007111984E-005
   22.3000000000000      -4.551056372767466E-005
   22.4000000000000      -4.417351760895366E-005
   22.5000000000000      -4.288355791517129E-005
   22.6000000000001      -4.163872186549584E-005
   22.7000000000001      -4.043714207523990E-005
   22.8000000000001      -3.927704127771946E-005
   22.9000000000001      -3.815672736824131E-005
   23.0000000000001      -3.707458874919595E-005
   23.1000000000001      -3.602908995675468E-005
   23.2000000000001      -3.501876755085468E-005
   23.3000000000001      -3.404222625149035E-005
   23.4000000000001      -3.309813530544134E-005
   23.5000000000001      -3.218522506861101E-005
   23.6000000000001      -3.130228379020581E-005
   23.7000000000001      -3.044815458584335E-005
   23.8000000000001      -2.962173258759640E-005
   23.9000000000001      -2.882196225973276E-005
   24.0000000000001      -2.804783486972583E-005
   24.1000000000001      -2.729838610469889E-005
   24.2000000000001      -2.657269382429973E-005
   24.3000000000001      -2.586987594134401E-005
   24.4000000000001      -2.518908842240874E-005
   24.5000000000001      -2.452952340084873E-005
   24.6000000000001      -2.389040739540163E-005
   24.7000000000001      -2.327099962778840E-005
   24.8000000000001      -2.267059043332686E-005
   24.9000000000001      -2.208849975889468E-005
   25.0000000000001      -2.152407574291105E-005
   25.1000000000001      -2.097669337242062E-005
   25.2000000000001      -2.044575321263221E-005
   25.3000000000001      -1.993068020461135E-005
   25.4000000000001      -1.943092252703017E-005
   25.5000000000001      -1.894595051822506E-005
   25.6000000000001      -1.847525565501251E-005
   25.7000000000001      -1.801834958489620E-005
   25.8000000000001      -1.757476320860327E-005
   25.9000000000001      -1.714404581001562E-005
   26.0000000000001      -1.672576423075333E-005
   26.1000000000001      -1.631950208686312E-005
   26.2000000000001      -1.592485902523811E-005
   26.3000000000001      -1.554145001742229E-005
   26.4000000000001      -1.516890468883134E-005
   26.5000000000001      -1.480686668129858E-005
   26.6000000000001      -1.445499304709143E-005
   26.7000000000001      -1.411295367273552E-005
   26.8000000000001      -1.378043073092391E-005
   26.9000000000001      -1.345711815899902E-005
   27.0000000000001      -1.314272116257175E-005
   27.1000000000001      -1.283695574290650E-005
   27.2000000000001      -1.253954824678252E-005
   27.3000000000001      -1.225023493765168E-005
   27.4000000000001      -1.196876158694428E-005
   27.5000000000001      -1.169488308447047E-005
   27.6000000000001      -1.142836306688757E-005
   27.7000000000001      -1.116897356333107E-005
   27.8000000000001      -1.091649465727530E-005
   27.9000000000001      -1.067071416381279E-005
   28.0000000000001      -1.043142732156394E-005
   28.1000000000001      -1.019843649845626E-005
   28.2000000000001      -9.971550910671337E-006
   28.3000000000001      -9.750586354099023E-006
   28.4000000000001      -9.535364947706369E-006
   28.5000000000001      -9.325714888133423E-006
   28.6000000000001      -9.121470215110290E-006
   28.7000000000001      -8.922470586993827E-006
   28.8000000000001      -8.728561066068571E-006
   28.9000000000001      -8.539591913056009E-006
   29.0000000000001      -8.355418390435796E-006
   29.1000000000001      -8.175900574100537E-006
   29.2000000000001      -8.000903173011460E-006
   29.3000000000001      -7.830295356413070E-006
   29.4000000000001      -7.663950588319720E-006
   29.5000000000001      -7.501746468854884E-006
   29.6000000000002      -7.343564582183476E-006
   29.7000000000002      -7.189290350699996E-006
   29.8000000000002      -7.038812895203717E-006
   29.9000000000002      -6.892024900769280E-006
   30.0000000000002      -6.748822488057561E-006
   30.1000000000002      -6.609105089838973E-006
   30.2000000000002      -6.472775332464971E-006
   30.3000000000002      -6.339738922073566E-006
   30.4000000000002      -6.209904535332957E-006
   30.5000000000002      -6.083183714522806E-006
   30.6000000000002      -5.959490766720755E-006
   30.7000000000002      -5.838742666971181E-006
   30.8000000000002      -5.720858965231175E-006
   30.9000000000002      -5.605761696906875E-006
   31.0000000000002      -5.493375296898217E-006
   31.1000000000002      -5.383626516910554E-006
   31.2000000000002      -5.276444345960268E-006
   31.3000000000002      -5.171759933905799E-006
   31.4000000000002      -5.069506517912948E-006
   31.5000000000002      -4.969619351640309E-006
   31.6000000000002      -4.872035637176735E-006
   31.7000000000002      -4.776694459448331E-006
   31.8000000000002      -4.683536723154214E-006
   31.9000000000002      -4.592505091989564E-006
   32.0000000000002      -4.503543930142266E-006
   32.1000000000002      -4.416599245972057E-006
   32.2000000000002      -4.331618637708118E-006
   32.3000000000002      -4.248551241187905E-006
   32.4000000000002      -4.167347679468640E-006
   32.5000000000002      -4.087960014270443E-006
   32.6000000000002      -4.010341699196433E-006
   32.7000000000002      -3.934447534615904E-006
   32.8000000000002      -3.860233624183206E-006
   32.9000000000002      -3.787657332887572E-006
   33.0000000000002      -3.716677246642978E-006
   33.1000000000002      -3.647253133263128E-006
   33.2000000000002      -3.579345904830684E-006
   33.3000000000002      -3.512917581410607E-006
   33.4000000000002      -3.447931256030167E-006
   33.5000000000002      -3.384351060848151E-006
   33.6000000000002      -3.322142134558836E-006
   33.7000000000002      -3.261270590894050E-006
   33.8000000000002      -3.201703488205071E-006
   33.9000000000002      -3.143408800124388E-006
   34.0000000000002      -3.086355387216176E-006
   34.1000000000002      -3.030512969588170E-006
   34.2000000000002      -2.975852100469473E-006
   34.3000000000002      -2.922344140640405E-006
   34.4000000000002      -2.869961233778164E-006
   34.5000000000002      -2.818676282581642E-006
   34.6000000000002      -2.768462925757363E-006
   34.7000000000002      -2.719295515729894E-006
   34.8000000000002      -2.671149097113163E-006
   34.9000000000002      -2.623999385906230E-006
   35.0000000000002      -2.577822749363394E-006
   35.1000000000002      -2.532596186556874E-006
   35.2000000000002      -2.488297309536353E-006
   35.3000000000002      -2.444904325153762E-006
   35.4000000000002      -2.402396017462155E-006
   35.5000000000002      -2.360751730684128E-006
   35.6000000000002      -2.319951352736108E-006
   35.7000000000002      -2.279975299303963E-006
   35.8000000000002      -2.240804498415250E-006
   35.9000000000002      -2.202420375508103E-006
   36.0000000000002      -2.164804839001320E-006
   36.1000000000002      -2.127940266292743E-006
   36.2000000000002      -2.091809490240614E-006
   36.3000000000002      -2.056395786045881E-006
   36.4000000000002      -2.021682858567363E-006
   36.5000000000002      -1.987654830037869E-006
   36.6000000000003      -1.954296228149382E-006
   36.7000000000003      -1.921591974543754E-006
   36.8000000000003      -1.889527373636018E-006
   36.9000000000003      -1.858088101802201E-006
   37.0000000000003      -1.827260196890643E-006
   37.1000000000003      -1.797030048088703E-006
   37.2000000000003      -1.767384386053741E-006
   37.3000000000003      -1.738310273404044E-006
   37.4000000000003      -1.709795095455796E-006
   37.5000000000003      -1.681826551283548E-006
   37.6000000000003      -1.654392645008506E-006
   37.7000000000003      -1.627481677405759E-006
   37.8000000000003      -1.601082237725660E-006
   37.9000000000003      -1.575183195779467E-006
   38.0000000000003      -1.549773694266478E-006
   38.1000000000003      -1.524843141319868E-006
   38.2000000000003      -1.500381203298559E-006
   38.3000000000003      -1.476377797756802E-006
   38.4000000000003      -1.452823086691685E-006
   38.5000000000003      -1.429707469895438E-006
   38.6000000000003      -1.407021578608461E-006
   38.7000000000003      -1.384756269272587E-006
   38.8000000000003      -1.362902617534943E-006
   38.9000000000003      -1.341451912383949E-006
   39.0000000000003      -1.320395650472122E-006
   39.1000000000003      -1.299725530634806E-006
   39.2000000000003      -1.279433448500026E-006
   39.3000000000003      -1.259511491330717E-006
   39.4000000000003      -1.239951932976307E-006
   39.5000000000003      -1.220747228960979E-006
   39.6000000000003      -1.201890011749650E-006
   39.7000000000003      -1.183373086123282E-006
   39.8000000000003      -1.165189424695452E-006
   39.9000000000003      -1.147332163556493E-006
   40.0000000000003      -1.129794598045218E-006
   40.1000000000003      -1.112570178629990E-006
   40.2000000000003      -1.095652506935597E-006
   40.3000000000003      -1.079035331838476E-006
   40.4000000000003      -1.062712545707733E-006
   40.5000000000003      -1.046678180741851E-006
   40.6000000000003      -1.030926405410193E-006
   40.7000000000003      -1.015451520981070E-006
   40.8000000000003      -1.000247958168285E-006
   40.9000000000003      -9.853102738551211E-007
   41.0000000000003      -9.706331479140243E-007
   41.1000000000003      -9.562113801128490E-007
   41.2000000000003      -9.420398871259035E-007
   41.3000000000003      -9.281136995860000E-007
   41.4000000000003      -9.144279592549709E-007
   41.5000000000003      -9.009779162670856E-007
   41.6000000000003      -8.877589264271439E-007
   41.7000000000003      -8.747664485996957E-007
   41.8000000000003      -8.619960421666059E-007
   41.9000000000003      -8.494433645484073E-007
   42.0000000000003      -8.371041688122260E-007
   42.1000000000003      -8.249743012979291E-007
   42.2000000000003      -8.130496993764086E-007
   42.3000000000003      -8.013263891987514E-007
   42.4000000000003      -7.898004835593181E-007
   42.5000000000003      -7.784681797861598E-007
   42.6000000000003      -7.673257576997795E-007
   42.7000000000003      -7.563695776174581E-007
   42.8000000000003      -7.455960784213665E-007
   42.9000000000003      -7.350017756676883E-007
   43.0000000000003      -7.245832597549716E-007
   43.1000000000003      -7.143371941426031E-007
   43.2000000000003      -7.042603135875047E-007
   43.3000000000003      -6.943494224765164E-007
   43.4000000000003      -6.846013931587763E-007
   43.5000000000004      -6.750131643373351E-007
   43.6000000000003      -6.655817395200015E-007
   43.7000000000003      -6.563041854701882E-007
   43.8000000000004      -6.471776307397723E-007
   43.9000000000004      -6.381992642201804E-007
   1000000.00000000       0.000000000000000E+000
